0 1 10 30 10 30 11 30 11 30 
1 1 10 29 9 24 15 15 8 20 
2 1 8 21 8 23 9 9 17 18 
3 1 8 21 20 21 4 4 10 11 
4 2 13 13 17 18 3 3 9 10 
5 2 13 13 17 18 5 5 7 8 
6 2 13 13 16 17 4 4 9 9 
7 2 11 11 19 20 4 4 8 8 
8 3 13 13 18 19 4 4 7 7 
9 3 12 12 18 19 5 5 7 7 
10 3 12 12 17 18 5 5 8 8 
11 3 9 9 20 24 5 5 8 8 
12 4 9 9 20 24 5 5 8 8 
13 4 8 8 20 24 7 7 7 7 
14 4 8 8 19 23 7 7 8 8 
15 4 7 7 23 30 7 7 5 5 
16 5 8 8 23 30 7 7 4 4 
17 5 6 6 21 28 12 13 3 3 
18 5 6 6 20 27 11 12 5 5 
19 5 6 6 21 30 10 11 5 5 
20 6 7 10 21 30 10 11 4 4 
21 6 7 10 20 29 11 13 4 4 
22 6 5 8 18 27 11 13 8 11 
23 6 4 7 21 32 10 12 7 10 
24 7 4 9 21 32 10 11 7 10 
25 7 4 9 19 30 12 20 7 10 
26 7 4 9 15 26 11 19 12 13 
27 7 4 9 17 30 10 18 11 12 
28 8 7 14 17 30 7 14 11 12 
29 8 6 13 16 29 9 16 11 12 
30 8 6 13 16 29 9 16 11 11 
31 8 5 12 19 33 9 16 9 9 
32 9 7 28 17 31 9 16 9 9 
33 9 6 27 17 31 10 17 9 9 
34 9 6 27 17 31 10 17 9 11 
35 9 5 26 24 55 7 14 6 8 
36 10 8 29 22 53 6 13 6 8 
37 10 7 28 21 52 8 14 6 8 
38 10 7 28 19 50 8 14 8 9 
39 10 5 26 23 53 7 13 7 8 
40 11 6 30 22 52 7 13 7 8 
41 11 5 28 18 48 13 25 6 7 
42 11 5 28 11 39 11 23 15 27 
43 11 5 28 23 67 7 19 7 17 
44 12 8 63 21 65 6 18 7 17 
45 12 7 62 20 64 11 18 4 14 
46 12 7 62 17 61 6 13 12 15 
47 12 5 60 25 64 2 8 10 13 
48 13 17 100 19 58 2 8 4 7 
49 13 4 87 11 49 26 39 1 1 
50 13 4 87 11 49 26 39 1 1 
51 13 4 87 21 41 16 29 1 1 
52 14 10 88 19 39 12 25 1 1 
53 14 9 87 16 36 16 27 1 1 
54 14 9 87 16 36 15 26 2 2 
55 14 4 82 30 77 7 16 1 1 
56 15 4 86 30 77 7 16 1 1 
57 15 4 86 27 74 10 16 1 1 
58 15 4 86 25 72 5 11 8 55 
59 15 4 84 26 85 5 11 7 54 
60 16 12 64 18 59 5 11 7 54 
61 16 12 64 18 53 7 10 5 52 
62 16 6 58 8 40 6 9 22 50 
63 16 4 36 17 22 6 9 15 43 
64 17 19 100 14 19 5 8 4 32 
65 17 19 100 12 17 7 10 4 32 
66 17 4 85 12 17 4 6 22 22 
67 17 4 85 29 69 2 4 7 7 
68 18 4 89 29 69 2 4 7 7 
69 18 4 89 18 58 20 140 0 0 
70 18 4 89 26 56 12 132 0 0 
71 19 22 78 10 40 10 125 0 0 
72 19 8 64 10 35 24 197 0 0 
73 19 4 56 19 97 19 164 0 0 
74 20 6 61 17 95 19 164 0 0 
75 20 4 59 1 20 37 193 0 0 
76 20 4 59 6 6 32 182 0 0 
77 21 15 145 1 1 26 159 0 0 
78 21 5 135 0 0 37 161 0 0 
79 22 7 140 0 0 35 159 0 0 
80 22 4 137 0 0 38 184 0 0 
81 23 4 141 0 0 38 184 0 0 
82 23 4 134 0 0 38 315 0 0 
83 24 16 97 0 0 26 255 0 0 
84 24 4 85 0 0 38 259 0 0 
85 25 4 89 0 0 38 259 0 0 
86 25 2 82 0 0 40 394 0 0 
87 26 4 85 0 0 38 392 0 0 
88 26 4 85 0 0 38 425 0 0 
89 27 4 89 0 0 38 425 0 0 
90 27 2 69 0 0 40 450 0 0 
91 28 13 13 0 0 29 396 0 0 
92 28 2 2 0 0 40 411 0 0 
93 29 4 113 0 0 38 409 0 0 
94 29 4 107 0 0 38 554 0 0 
95 30 13 74 0 0 29 504 0 0 
96 30 3 64 0 0 39 513 0 0 
97 31 4 63 0 0 38 512 0 0 
98 31 4 63 0 0 38 545 0 0 
99 32 14 171 0 0 28 521 0 0 
100 32 4 156 0 0 38 533 0 0 
101 33 13 263 0 0 29 505 0 0 
102 33 4 254 0 0 38 518 0 0 
103 34 4 258 0 0 38 518 0 0 
104 34 4 257 0 0 38 551 0 0 
105 35 16 171 0 0 26 417 0 0 
106 35 9 143 0 0 33 407 0 0 
107 36 11 141 0 0 31 400 0 0 
108 36 4 133 0 0 38 550 0 0 
109 37 15 246 0 0 27 516 0 0 
110 37 3 234 0 0 39 530 0 0 
111 38 13 211 0 0 29 498 0 0 
112 38 4 202 0 0 38 512 0 0 
113 39 4 206 0 0 38 509 0 0 
114 39 4 189 0 0 38 671 0 0 
115 40 10 176 0 0 32 642 0 0 
116 40 4 170 0 0 38 657 0 0 
117 41 4 174 0 0 38 657 0 0 
118 41 4 173 0 0 38 689 0 0 
119 42 7 176 0 0 35 684 0 0 
120 42 2 170 0 0 40 704 0 0 
121 43 4 173 0 0 38 702 0 0 
122 43 2 170 0 0 40 879 0 0 
123 44 4 323 0 0 38 877 0 0 
124 44 4 323 0 0 38 910 0 0 
125 45 12 261 0 0 30 841 0 0 
126 45 3 252 0 0 39 858 0 0 
127 46 13 366 0 0 29 789 0 0 
128 46 2 352 0 0 40 792 0 0 
129 47 4 354 0 0 38 790 0 0 
130 47 4 351 0 0 38 978 0 0 
131 48 16 441 0 0 26 882 0 0 
132 48 3 409 0 0 39 878 0 0 
133 49 15 403 0 0 27 866 0 0 
134 49 4 369 0 0 38 861 0 0 
135 50 5 373 0 0 37 860 0 0 
136 50 5 373 0 0 37 886 0 0 
137 51 12 520 0 0 30 843 0 0 
138 51 5 513 0 0 37 862 0 0 
139 52 15 492 0 0 27 834 0 0 
140 52 5 482 0 0 37 837 0 0 
141 53 5 485 0 0 37 837 0 0 
142 53 2 428 0 0 40 995 0 0 
143 54 4 431 0 0 38 993 0 0 
144 54 4 431 0 0 38 1026 0 0 
145 55 15 384 0 0 27 954 0 0 
146 55 4 373 0 0 38 960 0 0 
147 56 17 525 0 0 25 918 0 0 
148 56 4 512 0 0 38 924 0 0 
149 57 5 516 0 0 37 923 0 0 
150 57 3 513 0 0 39 1131 0 0 
151 58 14 616 0 0 28 1070 0 0 
152 58 5 594 0 0 37 1072 0 0 
153 59 5 597 0 0 37 1072 0 0 
154 59 4 596 0 0 38 1099 0 0 
155 60 19 523 0 0 23 1005 0 0 
156 60 2 389 0 0 40 911 0 0 
157 61 4 391 0 0 38 909 0 0 
158 61 2 386 0 0 40 1134 0 0 
159 62 15 353 0 0 27 1061 0 0 
160 62 5 236 0 0 37 989 0 0 
161 63 21 283 0 0 21 796 0 0 
162 63 4 127 0 0 38 906 0 0 
163 64 4 131 0 0 38 905 0 0 
164 64 4 116 0 0 38 927 0 0 
165 65 14 59 0 0 28 857 0 0 
166 65 3 48 0 0 39 862 0 0 
167 66 5 51 0 0 37 860 0 0 
168 66 5 51 0 0 37 885 0 0 
169 67 16 234 0 0 26 850 0 0 
170 67 5 223 0 0 37 866 0 0 
171 68 14 193 0 0 28 833 0 0 
172 68 3 176 0 0 39 1047 0 0 
173 69 16 156 0 0 26 1012 0 0 
174 69 4 140 0 0 38 1012 0 0 
175 70 5 145 0 0 37 1011 0 0 
176 70 2 140 0 0 40 1255 0 0 
177 71 4 367 0 0 38 1253 0 0 
178 71 4 367 0 0 38 1286 0 0 
179 72 15 549 0 0 27 1192 0 0 
180 72 4 440 0 0 38 1133 0 0 
181 73 19 371 0 0 23 1039 0 0 
182 73 6 328 0 0 36 1015 0 0 
183 74 7 332 0 0 35 1014 0 0 
184 74 2 261 0 0 40 969 0 0 
185 75 4 497 0 0 38 967 0 0 
186 75 4 482 0 0 38 1234 0 0 
187 76 15 337 0 0 27 1084 0 0 
188 76 2 323 0 0 40 1079 0 0 
189 77 16 243 0 0 26 994 0 0 
190 77 5 176 0 0 37 948 0 0 
191 78 18 422 0 0 24 935 0 0 
192 78 12 380 0 0 30 892 0 0 
193 79 16 170 0 0 26 670 0 0 
194 79 5 143 0 0 37 907 0 0 
195 80 17 124 0 0 25 877 0 0 
196 80 8 109 0 0 34 873 0 0 
197 81 12 113 0 0 30 869 0 0 
198 81 2 91 0 0 40 1128 0 0 
199 82 4 94 0 0 38 1126 0 0 
200 82 4 94 0 0 38 1159 0 0 
201 83 16 337 0 0 26 1123 0 0 
202 83 4 255 0 0 38 1074 0 0 
203 84 14 488 0 0 28 1044 0 0 
204 84 4 457 0 0 38 1038 0 0 
205 85 4 461 0 0 38 1038 0 0 
206 85 4 458 0 0 38 1334 0 0 
207 86 16 379 0 0 26 1233 0 0 
208 86 3 245 0 0 39 1126 0 0 
209 87 12 245 0 0 30 1117 0 0 
210 87 4 193 0 0 38 1078 0 0 
211 88 14 18 0 0 28 854 0 0 
212 88 4 8 0 0 38 875 0 0 
213 89 5 12 0 0 37 874 0 0 
214 89 4 11 0 0 38 900 0 0 
215 90 16 233 0 0 26 834 0 0 
216 90 3 211 0 0 39 1117 0 0 
217 91 15 152 0 0 27 1054 0 0 
218 91 4 141 0 0 38 1062 0 0 
219 92 16 398 0 0 26 1035 0 0 
220 92 4 379 0 0 38 1036 0 0 
221 93 18 300 0 0 24 899 0 0 
222 93 4 286 0 0 38 1194 0 0 
223 94 4 290 0 0 38 1194 0 0 
224 94 4 284 0 0 38 1223 0 0 
225 95 15 242 0 0 27 1165 0 0 
226 95 3 154 0 0 39 1100 0 0 
227 96 14 362 0 0 28 993 0 0 
228 96 2 348 0 0 40 1302 0 0 
229 97 4 350 0 0 38 1300 0 0 
230 97 4 350 0 0 38 1333 0 0 
231 98 17 589 0 0 25 1241 0 0 
232 98 9 576 0 0 33 1241 0 0 
233 99 15 496 0 0 27 1130 0 0 
234 99 4 485 0 0 38 1129 0 0 
235 100 5 490 0 0 37 1128 0 0 
236 100 3 483 0 0 39 1458 0 0 
237 101 16 743 0 0 26 1353 0 0 
238 101 5 651 0 0 37 1245 0 0 
239 102 15 579 0 0 27 1132 0 0 
240 102 5 569 0 0 37 1142 0 0 
241 103 9 565 0 0 33 1128 0 0 
242 103 3 260 0 0 39 901 0 0 
243 104 16 581 0 0 26 875 0 0 
244 104 6 571 0 0 36 887 0 0 
245 105 17 561 0 0 25 872 0 0 
246 105 8 448 0 0 34 1119 0 0 
247 106 18 367 0 0 24 1000 0 0 
248 106 8 357 0 0 34 1010 0 0 
249 107 10 360 0 0 32 1008 0 0 
250 107 2 342 0 0 40 1347 0 0 
251 108 4 680 0 0 38 1345 0 0 
252 108 4 679 0 0 38 1378 0 0 
253 109 16 622 0 0 26 1286 0 0 
254 109 5 563 0 0 37 1250 0 0 
255 110 19 879 0 0 23 1208 0 0 
256 110 9 773 0 0 33 1139 0 0 
257 111 18 768 0 0 24 1127 0 0 
258 111 4 709 0 0 38 1437 0 0 
259 112 16 600 0 0 26 1308 0 0 
260 112 4 588 0 0 38 1317 0 0 
261 113 6 593 0 0 36 1315 0 0 
262 113 2 577 0 0 40 1333 0 0 
263 114 4 580 0 0 38 1331 0 0 
264 114 4 580 0 0 38 1364 0 0 
265 115 12 851 0 0 30 1250 0 0 
266 115 4 843 0 0 38 1268 0 0 
267 116 4 847 0 0 38 1268 0 0 
268 116 4 781 0 0 38 1576 0 0 
269 117 14 696 0 0 28 1453 0 0 
270 117 3 669 0 0 39 1448 0 0 
271 118 15 1007 0 0 27 1414 0 0 
272 118 5 997 0 0 37 1423 0 0 
273 119 10 920 0 0 32 1347 0 0 
274 119 4 914 0 0 38 1362 0 0 
275 120 15 895 0 0 27 1328 0 0 
276 120 2 791 0 0 40 1622 0 0 
277 121 4 1161 0 0 38 1620 0 0 
278 121 4 1161 0 0 38 1653 0 0 
279 122 14 1135 0 0 28 1589 0 0 
280 122 8 1035 0 0 34 1517 0 0 
281 123 18 1020 0 0 24 1488 0 0 
282 123 2 978 0 0 40 1834 0 0 
283 124 4 1361 0 0 38 1832 0 0 
284 124 4 1361 0 0 38 1865 0 0 
285 125 18 1236 0 0 24 1704 0 0 
286 125 4 1167 0 0 38 1651 0 0 
287 126 12 1428 0 0 30 1479 0 0 
288 126 4 1349 0 0 38 1832 0 0 
289 127 12 1273 0 0 30 1739 0 0 
290 127 2 1254 0 0 40 1750 0 0 
291 128 4 1254 0 0 38 1748 0 0 
292 128 4 1254 0 0 38 1781 0 0 
293 129 16 1209 0 0 26 1716 0 0 
294 129 5 1036 0 0 37 1595 0 0 
295 130 12 1028 0 0 30 1588 0 0 
296 130 1 922 0 0 41 1895 0 0 
297 131 19 924 0 0 23 1406 0 0 
298 131 1 843 0 0 41 1355 0 0 
299 132 22 334 0 0 20 718 0 0 
300 132 4 316 0 0 38 713 0 0 
301 133 4 319 0 0 38 710 0 0 
302 133 1 18 0 0 41 874 0 0 
303 134 4 21 0 0 38 871 0 0 
304 134 0 0 0 0 42 1303 0 0 
