0 1 10 30 11 30 10 30 11 30 
1 1 10 28 10 27 9 27 13 13 
2 1 10 28 14 14 8 24 10 10 
3 1 10 27 10 10 15 15 7 7 
4 2 17 20 8 8 12 12 5 5 
5 2 16 19 8 8 12 12 6 6 
6 2 16 19 8 8 12 12 6 6 
7 2 15 18 8 8 14 14 5 5 
8 3 16 21 8 8 14 14 4 4 
9 3 16 21 8 8 14 14 4 4 
10 3 16 21 10 10 13 13 3 3 
11 3 16 21 10 10 13 13 3 3 
12 4 19 27 9 9 11 11 3 3 
13 4 19 27 9 9 10 10 4 4 
14 4 19 27 10 10 9 9 4 4 
15 4 17 25 10 10 11 11 4 4 
16 5 21 34 8 8 9 9 4 4 
17 5 21 34 7 7 9 9 5 8 
18 5 21 34 7 7 9 9 5 8 
19 5 21 34 6 6 10 10 5 8 
20 6 23 39 6 6 8 8 5 8 
21 6 23 39 5 5 7 7 7 10 
22 6 23 39 6 6 7 7 6 9 
23 6 21 37 5 5 10 10 6 9 
24 7 23 43 4 4 9 9 6 9 
25 7 23 43 2 2 8 8 9 20 
26 7 23 43 4 4 6 6 9 20 
27 7 22 42 4 4 7 7 9 20 
28 8 24 48 4 4 6 6 8 19 
29 8 22 46 4 4 5 5 11 22 
30 8 22 46 6 12 5 5 9 19 
31 8 18 42 6 12 13 16 5 15 
32 9 22 61 6 12 10 13 4 14 
33 9 22 61 5 11 9 12 6 16 
34 9 19 58 12 32 8 11 3 13 
35 9 19 58 12 32 8 13 3 13 
36 10 20 60 11 31 8 13 3 13 
37 10 20 60 8 28 4 9 10 37 
38 10 20 60 8 30 4 9 10 37 
39 10 19 59 8 30 9 9 6 33 
40 11 19 63 8 30 9 9 6 33 
41 11 18 62 3 25 2 2 19 35 
42 11 18 62 10 26 2 2 12 27 
43 11 18 62 10 26 4 4 10 25 
44 12 20 68 10 26 3 3 9 24 
45 12 20 68 9 25 1 1 12 25 
46 12 20 68 11 29 1 1 10 23 
47 12 20 68 11 29 4 4 7 20 
48 13 21 75 11 29 3 3 7 20 
49 13 17 68 6 24 0 0 19 76 
50 13 16 67 15 58 0 0 11 65 
51 14 25 106 9 52 0 0 8 58 
52 14 21 102 4 45 0 0 17 54 
53 14 13 92 17 35 0 0 12 49 
54 15 23 145 11 29 0 0 8 45 
55 15 19 141 7 25 0 0 16 88 
56 15 19 141 7 25 0 0 16 88 
57 16 19 152 7 25 0 0 16 86 
58 16 14 142 6 24 0 0 22 86 
59 16 14 142 13 20 0 0 15 76 
60 17 20 146 13 20 0 0 9 70 
61 17 16 142 8 15 0 0 18 65 
62 17 15 141 12 15 0 0 15 62 
63 18 23 143 10 13 0 0 9 56 
64 18 13 133 0 0 0 0 29 169 
65 19 18 195 0 0 0 0 24 150 
66 19 13 190 0 0 0 0 29 165 
67 20 23 188 0 0 0 0 19 153 
68 20 10 167 0 0 0 0 32 226 
69 21 22 155 0 0 0 0 20 203 
70 21 8 141 0 0 0 0 34 210 
71 22 29 193 0 0 0 0 13 169 
72 22 16 180 0 0 0 0 26 166 
73 23 16 184 0 0 0 0 26 166 
74 23 9 177 0 0 0 0 33 267 
75 24 26 130 0 0 0 0 16 203 
76 24 12 116 0 0 0 0 30 202 
77 25 14 121 0 0 0 0 28 200 
78 25 8 115 0 0 0 0 34 224 
79 26 23 198 0 0 0 0 19 204 
80 26 6 173 0 0 0 0 36 300 
81 27 25 169 0 0 0 0 17 271 
82 27 12 156 0 0 0 0 30 277 
83 28 12 159 0 0 0 0 30 275 
84 28 4 149 0 0 0 0 38 292 
85 29 21 118 0 0 0 0 21 249 
86 29 2 99 0 0 0 0 40 354 
87 30 4 206 0 0 0 0 38 352 
88 30 4 206 0 0 0 0 38 385 
89 31 4 210 0 0 0 0 38 384 
90 31 2 188 0 0 0 0 40 399 
91 32 4 188 0 0 0 0 38 397 
92 32 3 187 0 0 0 0 39 431 
93 33 18 104 0 0 0 0 24 337 
94 33 2 80 0 0 0 0 40 443 
95 34 4 83 0 0 0 0 38 441 
96 34 3 82 0 0 0 0 39 475 
97 35 3 83 0 0 0 0 39 475 
98 35 3 83 0 0 0 0 39 509 
99 36 3 84 0 0 0 0 39 509 
100 36 2 83 0 0 0 0 40 543 
101 37 12 13 0 0 0 0 30 466 
102 37 0 0 0 0 0 0 42 716 
